timestamps:
  login: 1372480352193
  logout: 1372481658043
ipAddress: 50.135.251.23
lastlocation:
  world: CTW
  x: 260.7368448348441
  y: 64.0
  z: -166.86596207339622
  yaw: 5.849917
  pitch: -8.700004
logoutlocation:
  world: CTW
  x: 348.89261977979874
  y: 72.0
  z: -41.12979720672273
  yaw: 61.937134
  pitch: 27.894045
