timestamps:
  login: 1372817639736
  logout: 1372817641636
ipAddress: 192.168.1.4
lastlocation:
  world: Creative
  x: -274.5
  y: 23.0
  z: 276.5
  yaw: 0.0
  pitch: 0.0
logoutlocation:
  world: CTW
  x: 247.69713780069333
  y: 72.0
  z: -175.28223005572272
  yaw: 71.07117
  pitch: -10.950009
