timestamps:
  login: 1373268308590
  logout: 1373269006637
ipAddress: 192.168.1.2
lastlocation:
  world: Creative
  x: -274.5
  y: 22.705999994277956
  z: 276.5
  yaw: 0.0
  pitch: 0.0
logoutlocation:
  world: Gate
  x: 143.29002514505078
  y: 104.6056549387134
  z: 263.4531177829696
  yaw: -353.31915
  pitch: 19.046505
afk: false
