timestamps:
  login: 1373339329672
  logout: 1373339426514
ipAddress: 192.168.1.2
lastlocation:
  world: Creative
  x: -274.5
  y: 22.705999994277956
  z: 276.5
  yaw: 0.0
  pitch: 0.0
logoutlocation:
  world: Gate
  x: 100.35267606009671
  y: 64.0
  z: 219.23588587784658
  yaw: 4.915039
  pitch: 19.958347
afk: false
