timestamps:
  login: 1372479270793
  logout: 1372481873043
ipAddress: 50.135.251.23
lastlocation:
  world: CTW
  x: 244.69421600457275
  y: 79.16610926093821
  z: -164.24326136813488
  yaw: 7.65077
  pitch: 11.850057
logoutlocation:
  world: CTW
  x: 262.3036785986008
  y: 85.5625
  z: -169.7475519754423
  yaw: 35.549995
  pitch: 20.699993
