timestamps:
  login: 1373174612420
  logout: 1373174740196
ipAddress: 75.68.226.215
lastlocation:
  world: Creative
  x: -274.5
  y: 23.0
  z: 276.5
  yaw: 0.0
  pitch: 0.0
logoutlocation:
  world: Gate
  x: 202.69999998807907
  y: 74.0
  z: 198.30000001192093
  yaw: 67.55721
  pitch: 28.464857
