timestamps:
  login: 1373011562160
  logout: 1372827150741
  lastteleport: 1372826766195
ipAddress: 24.147.125.60
lastlocation:
  world: CTW2
  x: 250.11832456748
  y: 81.0
  z: -166.09021915271867
  yaw: 242.74252
  pitch: 34.649975
logoutlocation:
  world: CTW2
  x: 246.07797866853267
  y: 81.0
  z: -154.91926507072935
  yaw: 173.29272
  pitch: 41.39998
afk: false
nickname: Childhood_Friend
