timestamps:
  login: 1372813901468
  logout: 1372814276168
ipAddress: 24.128.15.47
lastlocation:
  world: CTW
  x: 247.12515297188904
  y: 78.0
  z: -162.31663942146872
  yaw: 197.22166
  pitch: 19.828718
logoutlocation:
  world: CTW
  x: 247.12515297188904
  y: 78.0
  z: -162.31663942146872
  yaw: 197.22166
  pitch: 19.828718
