timestamps:
  login: 1372890024830
  logout: 1372818386636
ipAddress: 96.252.60.71
lastlocation:
  world: CTW
  x: 247.12515297188904
  y: 78.0
  z: -162.31663942146872
  yaw: 197.22166
  pitch: 19.828718
logoutlocation:
  world: CTW
  x: 225.96028404238388
  y: 72.0
  z: -158.42398605524426
  yaw: -4.0779905
  pitch: 8.578732
