timestamps:
  login: 1372829121083
  lastteleport: 1372828520745
  logout: 1372830505183
ipAddress: 75.68.226.215
lastlocation:
  world: CTW2
  x: 234.7441305261247
  y: 75.0086659542657
  z: -8.205099092389315
  yaw: -44.418938
  pitch: 26.80084
logoutlocation:
  world: CTW2
  x: 219.63467753451408
  y: 65.0
  z: 7.064459257699378
  yaw: -258.3452
  pitch: 31.04974
nickname: Yaj
