spawns: 
  default: 
    world: Gate
    x: 196.30000001192096
    y: 74.0
    z: 200.38995569804106
    yaw: 272.07025
    pitch: 11.602968
  mod: 
    world: Gate
    x: 196.30227501597258
    y: 74.0
    z: 200.50130092392635
    yaw: 268.64764
    pitch: 11.102119
  builder: 
    world: Gate
    x: 101.0625
    y: 62.0
    z: 182.40625
    yaw: -359.09863
    pitch: -7.049879
